@@RESULTS 0 {"n_docs":2000,"n_pairs":4807,"top_k":2000,"runs":{"stack_divgain_s0":{"checkpoint":"step_30000.pt","delta":{"n":4807,"ce1":9.137493133544922,"ce2":4.55766487121582,"delta_mean":4.579828262329102,"delta_median":4.377652645111084,"frac_positive":0.8595797794882463},"common":{"n":20867,"ce1":1.8229639530181885,"ce2":1.0820584297180176,"delta_mean":0.7409055829048157,"delta_median":0.28788894414901733,"frac_positive":0.6906598936119231},"dist_0_32":{"n":2263,"ce1":9.147624015808105,"ce2":3.8858582973480225,"delta_mean":5.2617669105529785,"delta_median":5.234946250915527,"frac_positive":0.895271763146266},"dist_32_64":{"n":847,"ce1":8.933666229248047,"ce2":4.722383975982666,"delta_mean":4.211281776428223,"delta_median":4.028436660766602,"frac_positive":0.846517119244392},"dist_64_128":{"n":1345,"ce1":9.465424537658691,"ce2":5.383944988250732,"delta_mean":4.081479072570801,"delta_median":3.905451536178589,"frac_positive":0.8356877323420074},"dist_128_256":{"n":352,"ce1":8.30977725982666,"ce2":5.323100566864014,"delta_mean":2.9866769313812256,"delta_median":2.787987470626831,"frac_positive":0.7528409090909091},"swap":{"x_drop":5.620980739593506,"y_gain":8.006574630737305,"frac_prefers_y_after_swap":0.5741626794258373}},"stack_divgain_s1":{"checkpoint":"step_30000.pt","delta":{"n":4807,"ce1":9.057426452636719,"ce2":4.779797077178955,"delta_mean":4.277629852294922,"delta_median":4.0430
@@RESULTS 1 94635009766,"frac_positive":0.8443935926773455},"common":{"n":20867,"ce1":1.7859315872192383,"ce2":1.0561786890029907,"delta_mean":0.7297527194023132,"delta_median":0.28915834426879883,"frac_positive":0.6895576747975272},"dist_0_32":{"n":2263,"ce1":9.156022071838379,"ce2":3.9864416122436523,"delta_mean":5.169580459594727,"delta_median":5.103968620300293,"frac_positive":0.8939460892620416},"dist_32_64":{"n":847,"ce1":8.983768463134766,"ce2":4.8772196769714355,"delta_mean":4.106549263000488,"delta_median":3.973158836364746,"frac_positive":0.8417945690672963},"dist_64_128":{"n":1345,"ce1":9.161231994628906,"ce2":5.859076023101807,"delta_mean":3.302157402038574,"delta_median":2.918870449066162,"frac_positive":0.7933085501858737},"dist_128_256":{"n":352,"ce1":8.204161643981934,"ce2":5.521895408630371,"delta_mean":2.682267189025879,"delta_median":2.1394331455230713,"frac_positive":0.7272727272727273},"swap":{"x_drop":5.4236741065979,"y_gain":7.751926898956299,"frac_prefers_y_after_swap":0.5677137507801123}},"stack_divgain_s2":{"checkpoint":"step_30000.pt","delta":{"n":4807,"ce1":9.068657875061035,"ce2":4.543472766876221,"delta_mean":4.525184631347656,"delta_median":4.560391426086426,"frac_positive":0.861244019138756},"common":{"n":20867,"ce1":1.7815742492675781,"ce2":1.048465609550476,"delta_mean":0.7331085801124573,"delta_median":0.3065813481807709,"frac_positive":0.6927684861264197
@@RESULTS 2 },"dist_0_32":{"n":2263,"ce1":9.103569984436035,"ce2":3.9960708618164062,"delta_mean":5.107498645782471,"delta_median":5.212245941162109,"frac_positive":0.8912947414935926},"dist_32_64":{"n":847,"ce1":9.007384300231934,"ce2":4.771714210510254,"delta_mean":4.235670566558838,"delta_median":3.918612480163574,"frac_positive":0.8618654073199528},"dist_64_128":{"n":1345,"ce1":9.290197372436523,"ce2":5.115042686462402,"delta_mean":4.175154685974121,"delta_median":4.537714958190918,"frac_positive":0.8356877323420074},"dist_128_256":{"n":352,"ce1":8.1451416015625,"ce2":5.329524517059326,"delta_mean":2.815617322921753,"delta_median":2.3961596488952637,"frac_positive":0.7642045454545454},"swap":{"x_drop":5.637850284576416,"y_gain":8.240318298339844,"frac_prefers_y_after_swap":0.5766590389016019}},"stack_random_s0":{"checkpoint":"step_30000.pt","delta":{"n":4807,"ce1":8.387831687927246,"ce2":3.9816982746124268,"delta_mean":4.406132221221924,"delta_median":4.2688093185424805,"frac_positive":0.8778864156438527},"common":{"n":20867,"ce1":1.635654330253601,"ce2":0.9736839532852173,"delta_mean":0.6619703769683838,"delta_median":0.2450423240661621,"frac_positive":0.6833756649254804},"dist_0_32":{"n":2263,"ce1":8.320098876953125,"ce2":3.1745638847351074,"delta_mean":5.145534992218018,"delta_median":5.228156089782715,"frac_positive":0.8992487847989394},"dist_32_64":{"n":847,"ce1":7.976438999176025
@@RESULTS 3 ,"ce2":3.7021617889404297,"delta_mean":4.274277210235596,"delta_median":4.039320468902588,"frac_positive":0.8665879574970484},"dist_64_128":{"n":1345,"ce1":9.017232894897461,"ce2":5.325599193572998,"delta_mean":3.691633462905884,"delta_median":3.53867769241333,"frac_positive":0.8788104089219331},"dist_128_256":{"n":352,"ce1":7.408233642578125,"ce2":4.708311557769775,"delta_mean":2.6999223232269287,"delta_median":2.497990131378174,"frac_positive":0.7642045454545454},"swap":{"x_drop":5.459859848022461,"y_gain":8.287444114685059,"frac_prefers_y_after_swap":0.5383815269398794}},"stack_random_s1":{"checkpoint":"step_30000.pt","delta":{"n":4807,"ce1":8.201358795166016,"ce2":4.020942687988281,"delta_mean":4.180416584014893,"delta_median":3.813351631164551,"frac_positive":0.8660287081339713},"common":{"n":20867,"ce1":1.6299539804458618,"ce2":0.9727025032043457,"delta_mean":0.6572515368461609,"delta_median":0.2273859977722168,"frac_positive":0.6794460152393732},"dist_0_32":{"n":2263,"ce1":8.180707931518555,"ce2":3.0895378589630127,"delta_mean":5.091170310974121,"delta_median":5.026063919067383,"frac_positive":0.9058771542200619},"dist_32_64":{"n":847,"ce1":7.866194725036621,"ce2":3.648155689239502,"delta_mean":4.2180399894714355,"delta_median":3.634474277496338,"frac_positive":0.8654073199527745},"dist_64_128":{"n":1345,"ce1":8.650360107421875,"ce2":5.682872772216797,"delta_mean":2.9674
@@RESULTS 4 875736236572,"delta_median":2.397686004638672,"frac_positive":0.8193308550185874},"dist_128_256":{"n":352,"ce1":7.424969673156738,"ce2":4.555672645568848,"delta_mean":2.8692972660064697,"delta_median":2.518699884414673,"frac_positive":0.7897727272727273},"swap":{"x_drop":4.986111640930176,"y_gain":7.442643642425537,"frac_prefers_y_after_swap":0.47139588100686497}},"stack_random_s2":{"checkpoint":"step_30000.pt","delta":{"n":4807,"ce1":8.290603637695312,"ce2":3.733158826828003,"delta_mean":4.557444095611572,"delta_median":4.436342239379883,"frac_positive":0.8805908050759309},"common":{"n":20867,"ce1":1.6107628345489502,"ce2":0.9553635120391846,"delta_mean":0.6553992629051208,"delta_median":0.22997337579727173,"frac_positive":0.6813149949681315},"dist_0_32":{"n":2263,"ce1":8.294157981872559,"ce2":3.0798580646514893,"delta_mean":5.214300632476807,"delta_median":5.266443729400635,"frac_positive":0.9041095890410958},"dist_32_64":{"n":847,"ce1":7.792427062988281,"ce2":3.64534068107605,"delta_mean":4.147085666656494,"delta_median":3.702437400817871,"frac_positive":0.8772136953955135},"dist_64_128":{"n":1345,"ce1":8.810733795166016,"ce2":4.643789291381836,"delta_mean":4.16694450378418,"delta_median":3.974492073059082,"frac_positive":0.875092936802974},"dist_128_256":{"n":352,"ce1":7.479052543640137,"ce2":4.664987564086914,"delta_mean":2.814065456390381,"delta_median":2.4848785400390625
@@RESULTS 5 ,"frac_positive":0.7585227272727273},"swap":{"x_drop":5.5671491622924805,"y_gain":8.421339988708496,"frac_prefers_y_after_swap":0.5442063657166633}},"stack_divgain_s0_60000":{"checkpoint":"step_60000.pt","delta":{"n":4807,"ce1":9.202686309814453,"ce2":4.273305892944336,"delta_mean":4.929379940032959,"delta_median":4.816104888916016,"frac_positive":0.8579155398377366},"common":{"n":20867,"ce1":1.7558372020721436,"ce2":1.0317364931106567,"delta_mean":0.7241007685661316,"delta_median":0.26459360122680664,"frac_positive":0.6815066851967221},"dist_0_32":{"n":2263,"ce1":8.99321460723877,"ce2":3.47043514251709,"delta_mean":5.522778511047363,"delta_median":5.523645401000977,"frac_positive":0.8983650022094565},"dist_32_64":{"n":847,"ce1":8.890778541564941,"ce2":4.4192962646484375,"delta_mean":4.471481800079346,"delta_median":4.1955060958862305,"frac_positive":0.8453364817001181},"dist_64_128":{"n":1345,"ce1":10.015912055969238,"ce2":5.278619289398193,"delta_mean":4.737293243408203,"delta_median":4.558870315551758,"frac_positive":0.8342007434944237},"dist_128_256":{"n":352,"ce1":8.192541122436523,"ce2":5.2423248291015625,"delta_mean":2.9502153396606445,"delta_median":2.8146190643310547,"frac_positive":0.71875},"swap":{"x_drop":6.284023284912109,"y_gain":8.878546714782715,"frac_prefers_y_after_swap":0.595173705013522}},"stack_random_s0_60000":{"checkpoint":"step_60000.pt","delta":{"n":480
@@RESULTS 6 7,"ce1":8.155790328979492,"ce2":3.5947234630584717,"delta_mean":4.561066627502441,"delta_median":4.481202602386475,"frac_positive":0.8828791345953817},"common":{"n":20867,"ce1":1.6123721599578857,"ce2":0.9537783265113831,"delta_mean":0.6585937142372131,"delta_median":0.22554227709770203,"frac_positive":0.6836632002683664},"dist_0_32":{"n":2263,"ce1":8.017900466918945,"ce2":2.8172969818115234,"delta_mean":5.200603485107422,"delta_median":5.222594738006592,"frac_positive":0.9072028281042863},"dist_32_64":{"n":847,"ce1":7.63685941696167,"ce2":3.1971185207366943,"delta_mean":4.4397406578063965,"delta_median":4.017068386077881,"frac_positive":0.8913813459268005},"dist_64_128":{"n":1345,"ce1":8.95604133605957,"ce2":4.928833484649658,"delta_mean":4.027207851409912,"delta_median":3.9504635334014893,"frac_positive":0.8646840148698884},"dist_128_256":{"n":352,"ce1":7.233180522918701,"ce2":4.4518537521362305,"delta_mean":2.78132700920105,"delta_median":2.4025630950927734,"frac_positive":0.7755681818181818},"swap":{"x_drop":5.565217971801758,"y_gain":8.84969711303711,"frac_prefers_y_after_swap":0.549407114624506}}}}
@@PM stack_divgain_s0 0 [[0,0.026,0.0],[1000,0.716,0.142],[2000,0.775,0.604],[3000,0.767,0.761],[4000,0.765,0.759],[5000,0.751,0.776],[6000,0.69,0.733],[7000,0.816,0.842],[8000,0.783,0.82],[9000,0.754,0.816],[10000,0.759,0.823],[11000,0.745,0.786],[12000,0.775,0.808],[13000,0.771,0.843],[14000,0.759,0.831],[15000,0.796,0.859],[16000,0.759,0.826],[17000,0.782,0.833],[18000,0.732,0.816],[19000,0.753,0.828],[20000,0.757,0.831],[21000,0.735,0.824],[22000,0.748,0.824],[23000,0.737,0.839],[24000,0.77,0.846],[25000,0.748,0.836],[26000,0.732,0.828],[27000,0.766,0.849],[28000,0.762,0.864],[29000,0.759,0.852],[30000,0.745,0.857]]
@@LOG stack_divgain_s0 0 [[1000,1.5214,2.7348],[2000,1.2901,2.4419],[3000,1.0908,2.2893],[4000,1.1087,2.2144],[5000,0.9573,2.1461],[6000,0.9082,2.0837],[7000,1.1125,2.0603],[8000,0.9496,2.0142],[9000,0.958,1.9901],[10000,0.9103,1.9586],[11000,0.9864,1.9507],[12000,0.891,1.9277],[13000,0.8694,1.9008],[14000,1.0679,1.8785],[15000,0.8318,1.8811],[16000,0.8719,1.8812],[17000,0.9208,1.8728],[18000,0.9642,1.8658],[19000,0.8989,1.8524],[20000,0.8981,1.8402],[21000,0.8891,1.8273],[22000,0.887,1.8312],[23000,0.9999,1.8328],[24000,0.881,1.8201],[25000,0.7926,1.825],[26000,0.873,1.8158],[27000,0.9208,1.7996],[28000,0.7669,1.8049],[29000,0.8999,1.8006],[30000,0.8471,1.803]]
@@PM stack_divgain_s1 0 [[0,0.029,0.0],[500,0.098,0.006],[1000,0.553,0.131],[1500,0.682,0.489],[2000,0.722,0.61],[2500,0.696,0.577],[3000,0.719,0.636],[3500,0.754,0.736],[4000,0.81,0.786],[4500,0.777,0.738],[5000,0.819,0.793],[5500,0.767,0.789],[6000,0.817,0.832],[6500,0.829,0.836],[7000,0.805,0.824],[7500,0.816,0.83],[8000,0.829,0.868],[8500,0.825,0.804],[9000,0.83,0.838],[9500,0.837,0.842],[10000,0.85,0.768],[10500,0.844,0.839],[11000,0.831,0.839],[11500,0.85,0.829],[12000,0.881,0.88],[12500,0.86,0.871],[13000,0.851,0.844],[13500,0.847,0.849],[14000,0.858,0.878],[14500,0.855,0.882],[15000,0.859,0.858],[15500,0.871,0.857],[16000,0.862,0.843],[16500,0.865,0.861],[17000,0.871,0.852],[17500,0.882,0.877],[18000,0.87,0.855],[18500,0.887,0.886],[19000,0.882,0.859],[19500,0.86,0.857],[20000,0.882,0.88],[20500,0.889,0.862],[21000,0.893,0.887],[21500,0.886,0.872],[22000,0.868,0.878],[22500,0.886,0.888],[23000,0.873,0.879],[23500,0.856,0.864],[24000,0.897,0.886],[24500,0.861,0.873],[25000,0.867,0.854],[25500,0.889,0.886],[26000,0.888,0.883],[26500,0.882,0.887],[27000,0.878,0.867],[27500,0.864,0.836],[28000,0.902,0.888],[28500,0.887,0.894],[29000,0.875,0.853],[29500,0.894,0.871],[30000,0.893,0.859]]
@@LOG stack_divgain_s1 0 [[500,2.1701,3.1653],[1000,1.618,2.7027],[1500,1.3895,2.5261],[2000,1.2953,2.3979],[2500,1.2044,2.3165],[3000,1.1448,2.2693],[3500,1.0718,2.2375],[4000,1.0919,2.1923],[4500,0.9928,2.1597],[5000,0.9954,2.1311],[5500,1.2468,2.1083],[6000,0.9939,2.0913],[6500,1.0018,2.0759],[7000,1.0426,2.0541],[7500,1.0967,2.026],[8000,0.9541,2.0226],[8500,1.0497,2.0019],[9000,0.8994,2.0028],[9500,1.0164,1.9812],[10000,1.0187,1.9669],[10500,0.974,1.9588],[11000,0.8926,1.9475],[11500,1.0315,1.9417],[12000,0.8877,1.947],[12500,0.9039,1.9249],[13000,0.9725,1.9128],[13500,0.9188,1.9083],[14000,0.848,1.9064],[14500,0.9535,1.8987],[15000,0.9622,1.8898],[15500,0.9978,1.8846],[16000,1.0277,1.8717],[16500,0.8932,1.8756],[17000,0.9163,1.862],[17500,0.8498,1.8685],[18000,0.8453,1.8627],[18500,1.0257,1.8633],[19000,0.9268,1.8558],[19500,0.9517,1.844],[20000,0.8626,1.844],[20500,0.9074,1.8447],[21000,0.8668,1.8374],[21500,0.8914,1.8323],[22000,0.8012,1.8221],[22500,0.8766,1.8296],[23000,0.7658,1.8263],[23500,0.8264,1.8191],[24500,0.8442,1.815],[25000,0.8095,1.8157],[25500,0.8579,1.8184],[26000,0.874,1.8229],[26500,0.8829,1.8206],[27000,0.8541,1.8054],[27500,0.8485,1.8015],[28000,0.9311,1.8154],[28500,0.9811,1.801],[29000,0.8828,1.8051],[29500,0.8634,1.8029],[30000,0.7564,1.8002]]
@@PM stack_divgain_s2 0 [[0,0.027,0.0],[500,0.104,0.008],[1000,0.628,0.105],[1500,0.671,0.38],[2000,0.743,0.571],[2500,0.735,0.641],[3000,0.683,0.599],[3500,0.792,0.747],[4000,0.839,0.798],[4500,0.68,0.668],[5000,0.797,0.815],[5500,0.761,0.752],[6000,0.818,0.795],[6500,0.783,0.77],[7000,0.76,0.758],[7500,0.737,0.765],[8000,0.763,0.814],[8500,0.756,0.79],[9000,0.783,0.817],[9500,0.759,0.799],[10000,0.76,0.825],[10500,0.763,0.804],[11000,0.764,0.796],[11500,0.782,0.796],[12000,0.767,0.808],[12500,0.734,0.793],[13000,0.782,0.826],[13500,0.779,0.837],[14000,0.778,0.826],[14500,0.791,0.853],[15000,0.785,0.853],[15500,0.803,0.868],[16000,0.809,0.851],[16500,0.785,0.864],[17000,0.784,0.861],[17500,0.792,0.84],[18000,0.768,0.839],[18500,0.782,0.827],[19000,0.786,0.808],[19500,0.804,0.822],[20000,0.806,0.851],[20500,0.785,0.828],[21000,0.773,0.839],[21500,0.793,0.839],[22000,0.809,0.842],[22500,0.816,0.832],[23000,0.764,0.81],[23500,0.809,0.848],[24000,0.769,0.833],[24500,0.808,0.832],[25000,0.825,0.854],[25500,0.776,0.831],[26000,0.838,0.818],[26500,0.79,0.828],[27000,0.791,0.812],[27500,0.814,0.82],[28000,0.804,0.85],[28500,0.808,0.847],[29000,0.843,0.856],[29500,0.812,0.869],[30000,0.828,0.842]]
@@LOG stack_divgain_s2 0 [[500,2.0215,3.1829],[1000,1.5748,2.7379],[1500,1.2916,2.5208],[2000,1.3071,2.4307],[2500,1.2173,2.3271],[3000,1.1694,2.2633],[3500,1.0433,2.2246],[4000,1.1008,2.1813],[4500,1.1582,2.1524],[5000,1.0974,2.1247],[5500,1.0152,2.0926],[6000,0.9289,2.0766],[6500,1.0253,2.051],[7000,1.0472,2.0423],[7500,0.945,2.0066],[8000,0.9366,2.0035],[8500,0.959,1.9726],[9000,1.009,1.9691],[9500,1.1199,1.9603],[10000,0.9669,1.952],[10500,0.8512,1.9488],[11000,0.8973,1.93],[11500,0.8912,1.9233],[12000,0.981,1.9117],[12500,0.9957,1.9157],[13000,0.9687,1.9107],[13500,0.8921,1.897],[14000,0.8967,1.8847],[14500,0.7956,1.8783],[15000,0.966,1.88],[15500,0.8078,1.8753],[16000,0.8978,1.8636],[16500,0.7926,1.8603],[17000,0.9015,1.8643],[17500,0.8603,1.8493],[18000,0.9796,1.8487],[18500,0.8527,1.8519],[19000,0.9224,1.8455],[19500,0.9567,1.8373],[20000,0.9255,1.8284],[20500,0.8299,1.8272],[21000,0.921,1.8285],[21500,0.8875,1.826],[22000,0.8405,1.819],[22500,0.9248,1.822],[23000,0.8704,1.8163],[23500,0.8111,1.817],[24000,0.901,1.8026],[24500,0.8213,1.8094],[25000,0.9231,1.8036],[25500,0.8392,1.7941],[26000,0.8504,1.8057],[26500,0.7964,1.7931],[27000,0.8379,1.7884],[27500,0.8699,1.79],[28000,0.8698,1.7911],[28500,0.8821,1.7962],[29000,0.8032,1.7979],[29500,0.8422,1.7868],[30000,0.8094,1.7818]]
@@PM stack_random_s0 0 [[0,0.026,0.0],[1000,0.31,0.013],[2000,0.585,0.174],[3000,0.674,0.349],[4000,0.701,0.428],[5000,0.673,0.417],[6000,0.764,0.548],[7000,0.746,0.555],[8000,0.802,0.645],[9000,0.762,0.616],[10000,0.736,0.569],[11000,0.788,0.649],[12000,0.793,0.659],[13000,0.806,0.668],[14000,0.769,0.626],[15000,0.813,0.681],[16000,0.827,0.703],[17000,0.769,0.636],[18000,0.841,0.739],[19000,0.792,0.67],[20000,0.799,0.683],[21000,0.803,0.687],[22000,0.804,0.661],[23000,0.816,0.712],[24000,0.786,0.64],[25000,0.831,0.722],[26000,0.822,0.695],[27000,0.806,0.677],[28000,0.842,0.714],[29000,0.825,0.699],[30000,0.82,0.697]]
@@LOG stack_random_s0 0 [[1000,2.2599,2.4573],[2000,1.9261,2.1521],[3000,1.8028,2.0158],[4000,1.8574,1.9297],[5000,1.7328,1.8792],[6000,1.7319,1.8404],[7000,1.8436,1.8147],[8000,1.5542,1.7882],[9000,1.7421,1.7647],[10000,1.5544,1.7363],[11000,1.5333,1.7318],[12000,1.6755,1.7209],[13000,1.7608,1.7123],[14000,1.5661,1.693],[15000,1.5394,1.6874],[16000,1.6713,1.6803],[17000,1.5637,1.6603],[18000,1.6018,1.6494],[19000,1.5537,1.6603],[20000,1.6274,1.637],[21000,1.5601,1.654],[22000,1.4932,1.6416],[23000,1.5025,1.6359],[24000,1.5359,1.6344],[25000,1.5367,1.629],[26000,1.396,1.6213],[27000,1.486,1.6129],[28000,1.4143,1.6109],[29000,1.4957,1.6093],[30000,1.5698,1.6029]]
@@PM stack_random_s1 0 [[0,0.029,0.0],[500,0.048,0.005],[1000,0.34,0.016],[1500,0.574,0.092],[2000,0.604,0.228],[2500,0.674,0.354],[3000,0.667,0.382],[3500,0.719,0.481],[4000,0.789,0.548],[4500,0.709,0.53],[5000,0.698,0.518],[5500,0.725,0.558],[6000,0.729,0.615],[6500,0.775,0.654],[7000,0.753,0.64],[7500,0.834,0.732],[8000,0.802,0.729],[8500,0.796,0.725],[9000,0.799,0.746],[9500,0.802,0.742],[10000,0.745,0.724],[10500,0.781,0.716],[11000,0.815,0.763],[11500,0.724,0.709],[12000,0.76,0.73],[12500,0.784,0.757],[13000,0.829,0.801],[13500,0.815,0.784],[14000,0.785,0.746],[14500,0.817,0.769],[15000,0.794,0.792],[15500,0.811,0.796],[16000,0.763,0.759],[16500,0.782,0.785],[17000,0.784,0.794],[17500,0.846,0.825],[18000,0.828,0.809],[18500,0.822,0.816],[19000,0.792,0.8],[19500,0.824,0.817],[20000,0.805,0.801],[20500,0.838,0.84],[21000,0.776,0.797],[21500,0.808,0.819],[22000,0.75,0.787],[22500,0.799,0.846],[23000,0.738,0.765],[23500,0.815,0.825],[24000,0.832,0.837],[24500,0.761,0.803],[25000,0.787,0.815],[25500,0.844,0.85],[26000,0.757,0.797],[26500,0.803,0.824],[27000,0.789,0.832],[27500,0.82,0.823],[28000,0.78,0.817],[28500,0.758,0.809],[29000,0.783,0.826],[29500,0.757,0.805],[30000,0.741,0.782]]
@@LOG stack_random_s1 0 [[500,2.8434,2.9027],[1000,2.3297,2.4406],[1500,1.9522,2.2596],[2000,2.1811,2.1446],[2500,1.8673,2.071],[3000,1.7457,2.0174],[3500,1.7643,1.9581],[4000,1.7693,1.933],[4500,1.6752,1.8929],[5000,1.6847,1.8736],[5500,1.7747,1.8548],[6000,1.6513,1.8296],[6500,1.7325,1.808],[7000,1.7823,1.7893],[7500,1.6429,1.7804],[8000,1.8237,1.7741],[8500,1.7172,1.7668],[9000,1.488,1.7592],[9500,1.491,1.7432],[10000,1.5961,1.7296],[10500,1.6413,1.7207],[11000,1.5948,1.7191],[11500,1.7017,1.7091],[12000,1.5741,1.709],[12500,1.6514,1.7083],[13000,1.6532,1.7055],[13500,1.5131,1.6876],[14000,1.5363,1.6978],[14500,1.5135,1.6858],[15000,1.5159,1.6786],[15500,1.5755,1.6812],[16000,1.6204,1.6758],[16500,1.6903,1.676],[17000,1.6728,1.6639],[17500,1.5654,1.6517],[18000,1.6056,1.6559],[18500,1.5598,1.6529],[19000,1.5617,1.6439],[19500,1.5873,1.6434],[20000,1.4789,1.6446],[20500,1.5151,1.642],[21000,1.7027,1.6352],[21500,1.47,1.6412],[22000,1.5611,1.637],[22500,1.399,1.629],[23000,1.4826,1.633],[23500,1.447,1.6245],[24000,1.517,1.6207],[24500,1.5828,1.6157],[25000,1.5147,1.6156],[25500,1.5302,1.6065],[26000,1.5325,1.6067],[26500,1.383,1.6054],[27000,1.4149,1.6039],[27500,1.56,1.6028],[28000,1.4545,1.6118],[28500,1.4889,1.5999],[29000,1.4847,1.6],[29500,1.5345,1.5998],[30000,1.4458,1.6054]]
@@PM stack_random_s2 0 [[0,0.027,0.0],[500,0.043,0.004],[1000,0.312,0.012],[1500,0.462,0.061],[2000,0.614,0.193],[2500,0.581,0.26],[3000,0.69,0.38],[3500,0.694,0.4],[4000,0.709,0.474],[4500,0.678,0.448],[5000,0.702,0.508],[5500,0.715,0.541],[6000,0.756,0.575],[6500,0.739,0.592],[7000,0.722,0.582],[7500,0.689,0.583],[8000,0.678,0.594],[8500,0.67,0.584],[9000,0.728,0.654],[9500,0.731,0.645],[10000,0.761,0.676],[10500,0.684,0.632],[11000,0.756,0.68],[11500,0.714,0.649],[12000,0.673,0.609],[12500,0.706,0.621],[13000,0.758,0.684],[13500,0.716,0.686],[14000,0.739,0.664],[14500,0.698,0.634],[15000,0.712,0.672],[15500,0.754,0.707],[16000,0.748,0.696],[16500,0.697,0.665],[17000,0.751,0.714],[17500,0.705,0.683],[18000,0.743,0.7],[18500,0.746,0.696],[19000,0.748,0.715],[19500,0.739,0.702],[20000,0.75,0.706],[20500,0.75,0.722],[21000,0.702,0.675],[21500,0.724,0.719],[22000,0.728,0.716],[22500,0.724,0.701],[23000,0.744,0.739],[23500,0.721,0.709],[24000,0.77,0.755],[24500,0.776,0.768],[25000,0.774,0.761],[25500,0.696,0.667],[26000,0.731,0.723],[26500,0.718,0.713],[27000,0.774,0.77],[27500,0.764,0.753],[28000,0.764,0.734],[28500,0.766,0.777],[29000,0.754,0.765],[29500,0.754,0.75],[30000,0.736,0.735]]
@@LOG stack_random_s2 0 [[500,2.5997,2.9054],[1000,2.2161,2.4553],[1500,2.0539,2.2607],[2000,1.8097,2.1432],[2500,1.8751,2.0671],[3000,1.9083,1.9939],[3500,1.8309,1.961],[4000,1.4962,1.9155],[4500,1.6186,1.8808],[5000,1.8661,1.8565],[5500,1.645,1.8433],[6000,1.6797,1.8259],[6500,1.6111,1.806],[7000,1.7061,1.7835],[7500,1.738,1.7761],[8000,1.8327,1.7731],[8500,1.5803,1.7602],[9000,1.6228,1.7532],[9500,1.7215,1.7398],[10000,1.6564,1.7334],[10500,1.62,1.7249],[11000,1.4565,1.7046],[11500,1.6865,1.7043],[12000,1.7167,1.6952],[12500,1.6405,1.6924],[13000,1.3723,1.6869],[13500,1.3446,1.6761],[14000,1.4437,1.6853],[14500,1.5416,1.6692],[15000,1.5165,1.6652],[15500,1.7125,1.661],[16000,1.5886,1.6579],[16500,1.4985,1.6589],[17000,1.5793,1.6532],[17500,1.5354,1.6497],[18000,1.5339,1.6377],[18500,1.4803,1.6441],[19000,1.5415,1.6337],[19500,1.5706,1.6316],[20000,1.5011,1.6358],[20500,1.5495,1.6186],[21000,1.6264,1.624],[21500,1.5156,1.6211],[22000,1.4594,1.62],[22500,1.4327,1.6112],[23000,1.3816,1.6093],[23500,1.5741,1.6132],[24000,1.5438,1.6062],[24500,1.5622,1.6212],[25000,1.3215,1.6134],[25500,1.3762,1.6105],[26000,1.5697,1.6064],[26500,1.4956,1.5983],[27000,1.6359,1.5974],[27500,1.4241,1.6014],[28000,1.6688,1.5955],[28500,1.3839,1.5984],[29000,1.4386,1.5958],[29500,1.4165,1.6001],[30000,1.5366,1.5869]]
@@PM stack_divgain_s0_60000 0 [[0,0.026,0.0],[500,0.122,0.005],[1000,0.716,0.142],[1500,0.757,0.412],[2000,0.775,0.604],[2500,0.762,0.688],[3000,0.767,0.761],[3500,0.74,0.734],[4000,0.765,0.759],[4500,0.777,0.761],[5000,0.751,0.776],[5500,0.788,0.805],[6000,0.69,0.733],[6500,0.693,0.743],[7000,0.816,0.842],[7500,0.804,0.84],[8000,0.783,0.82],[8500,0.764,0.815],[9000,0.754,0.816],[9500,0.787,0.832],[10000,0.759,0.823],[10500,0.798,0.855],[11000,0.745,0.786],[11500,0.773,0.827],[12000,0.775,0.808],[12500,0.793,0.837],[13000,0.771,0.843],[13500,0.73,0.802],[14000,0.759,0.831],[14500,0.779,0.838],[15000,0.796,0.859],[15500,0.794,0.846],[16000,0.759,0.826],[16500,0.769,0.843],[17000,0.782,0.833],[17500,0.773,0.843],[18000,0.732,0.816],[18500,0.743,0.82],[19000,0.753,0.828],[19500,0.747,0.838],[20000,0.757,0.831],[20500,0.753,0.846],[21000,0.735,0.824],[21500,0.736,0.823],[22000,0.748,0.824],[22500,0.725,0.803],[23000,0.737,0.839],[23500,0.774,0.853],[24000,0.77,0.846],[24500,0.73,0.83],[25000,0.748,0.836],[25500,0.736,0.822],[26000,0.732,0.828],[26500,0.746,0.823],[27000,0.766,0.849],[27500,0.754,0.85],[28000,0.762,0.864],[28500,0.736,0.806],[29000,0.759,0.852],[29500,0.754,0.826],[30000,0.745,0.857],[30500,0.753,0.83],[31000,0.752,0.834],[31500,0.763,0.853],[32000,0.754,0.843],[32500,0.756,0.82],[33000,0.724,0.801],[33500,0.722,0.822],[34000,0.712,0.787],[34500,0.721,0.799],[35000,0.745,0.827],[35500,0.721,0.81
@@PM stack_divgain_s0_60000 1 7],[36000,0.734,0.813],[36500,0.755,0.852],[37000,0.754,0.842],[37500,0.729,0.82],[38000,0.734,0.83],[38500,0.746,0.848],[39000,0.742,0.821],[39500,0.762,0.849],[40000,0.753,0.826],[40500,0.752,0.843],[41000,0.77,0.844],[41500,0.752,0.839],[42000,0.772,0.859],[42500,0.762,0.861],[43000,0.78,0.851],[43500,0.754,0.848],[44000,0.754,0.842],[44500,0.753,0.833],[45000,0.747,0.846],[45500,0.73,0.818],[46000,0.766,0.848],[46500,0.753,0.846],[47000,0.749,0.822],[47500,0.774,0.854],[48000,0.76,0.848],[48500,0.751,0.838],[49000,0.744,0.841],[49500,0.759,0.858],[50000,0.73,0.832],[50500,0.76,0.866],[51000,0.759,0.851],[51500,0.747,0.837],[52000,0.744,0.838],[52500,0.766,0.852],[53000,0.748,0.845],[53500,0.752,0.831],[54000,0.735,0.816],[54500,0.742,0.855],[55000,0.767,0.851],[55500,0.768,0.849],[56000,0.756,0.843],[56500,0.724,0.825],[57000,0.781,0.851],[57500,0.758,0.845],[58000,0.771,0.842],[58500,0.741,0.832],[59000,0.707,0.821],[59500,0.738,0.853],[60000,0.748,0.856]]
@@LOG stack_divgain_s0_60000 0 [[500,1.9904,3.1798],[1000,1.5214,2.7348],[1500,1.3285,2.5493],[2000,1.2901,2.4419],[2500,1.1768,2.3563],[3000,1.0908,2.2893],[3500,1.0748,2.2523],[4000,1.1087,2.2144],[4500,1.1341,2.1719],[5000,0.9573,2.1461],[5500,0.9636,2.1202],[6000,0.9082,2.0837],[6500,1.0484,2.0744],[7000,1.1125,2.0603],[7500,0.9813,2.0422],[8000,0.9496,2.0142],[8500,1.0404,1.9981],[9000,0.958,1.9901],[9500,0.819,1.991],[10000,0.9103,1.9586],[10500,1.0153,1.9534],[11000,0.9864,1.9507],[11500,0.9301,1.9475],[12000,0.891,1.9277],[12500,1.011,1.9173],[13000,0.8694,1.9008],[13500,0.9085,1.8939],[14000,1.0679,1.8785],[14500,0.8351,1.8894],[15000,0.8318,1.8811],[15500,0.8021,1.8753],[16000,0.8719,1.8812],[16500,0.8174,1.8724],[17000,0.9208,1.8728],[17500,0.8837,1.8719],[18000,0.9642,1.8658],[18500,0.8402,1.8562],[19000,0.8989,1.8524],[19500,0.9062,1.8397],[20000,0.8981,1.8402],[20500,0.836,1.8427],[21000,0.8891,1.8273],[21500,0.8928,1.8297],[22000,0.887,1.8312],[22500,0.9173,1.8302],[23000,0.9999,1.8328],[23500,0.8836,1.8343],[24000,0.881,1.8201],[24500,0.8844,1.8278],[25000,0.7926,1.825],[25500,0.8572,1.8117],[26000,0.873,1.8158],[26500,0.9208,1.8099],[27000,0.9208,1.7996],[27500,0.8498,1.7999],[28000,0.7669,1.8049],[28500,0.7561,1.8107],[29000,0.8999,1.8006],[29500,0.8534,1.8022],[30000,0.8471,1.803],[30500,0.8287,1.7989],[31000,0.8058,1.7933],[31500,0.8454,1.7985],[32000,0.9376,1.7976],[32500,0.8268,1.7974],
@@LOG stack_divgain_s0_60000 1 [33000,0.9557,1.7943],[33500,0.9078,1.7882],[34000,0.8342,1.7985],[34500,0.9307,1.7888],[35000,0.8842,1.78],[35500,0.8396,1.7843],[36000,0.9573,1.7845],[36500,0.762,1.792],[37000,0.8015,1.7798],[37500,0.8681,1.7866],[38000,0.8582,1.7694],[38500,0.9,1.7767],[39000,0.9024,1.7717],[39500,0.8393,1.7707],[40000,0.8001,1.7575],[40500,0.8295,1.7599],[41000,0.8053,1.7601],[41500,0.8948,1.7725],[42000,0.8338,1.7756],[42500,0.7515,1.7726],[43000,0.8542,1.762],[43500,0.8823,1.7589],[44000,0.8833,1.7542],[44500,0.8716,1.7597],[45000,0.8076,1.7617],[45500,0.7615,1.753],[46000,0.8485,1.7516],[46500,0.8648,1.7527],[47000,0.8549,1.7515],[47500,0.8215,1.7414],[48000,0.8013,1.7516],[48500,0.8848,1.7593],[49000,0.8658,1.7513],[49500,0.7382,1.7598],[50000,0.7461,1.7451],[50500,0.7635,1.747],[51000,0.7256,1.7434],[51500,0.8312,1.7438],[52000,0.8957,1.7403],[52500,0.8495,1.7439],[53000,0.878,1.7514],[53500,0.8973,1.743],[54000,0.8084,1.7385],[54500,0.8385,1.7359],[55000,0.7606,1.7346],[55500,0.926,1.7444],[56000,0.8334,1.7323],[56500,0.7681,1.7384],[57000,0.8228,1.7309],[57500,0.7905,1.7371],[58000,0.8577,1.7405],[58500,0.6986,1.7318],[59000,0.9114,1.733],[59500,0.8539,1.736],[60000,0.7123,1.7449]]
@@PM stack_random_s0_60000 0 [[0,0.026,0.0],[500,0.057,0.003],[1000,0.31,0.013],[1500,0.46,0.062],[2000,0.585,0.174],[2500,0.651,0.277],[3000,0.674,0.349],[3500,0.694,0.403],[4000,0.701,0.428],[4500,0.673,0.408],[5000,0.673,0.417],[5500,0.765,0.541],[6000,0.764,0.548],[6500,0.812,0.619],[7000,0.746,0.555],[7500,0.725,0.557],[8000,0.802,0.645],[8500,0.827,0.69],[9000,0.762,0.616],[9500,0.715,0.545],[10000,0.736,0.569],[10500,0.771,0.634],[11000,0.788,0.649],[11500,0.78,0.638],[12000,0.793,0.659],[12500,0.82,0.659],[13000,0.806,0.668],[13500,0.768,0.623],[14000,0.769,0.626],[14500,0.813,0.693],[15000,0.813,0.681],[15500,0.815,0.651],[16000,0.827,0.703],[16500,0.784,0.663],[17000,0.769,0.636],[17500,0.792,0.65],[18000,0.841,0.739],[18500,0.813,0.68],[19000,0.792,0.67],[19500,0.827,0.701],[20000,0.799,0.683],[20500,0.818,0.664],[21000,0.803,0.687],[21500,0.811,0.668],[22000,0.804,0.661],[22500,0.768,0.606],[23000,0.816,0.712],[23500,0.828,0.721],[24000,0.786,0.64],[24500,0.797,0.632],[25000,0.831,0.722],[25500,0.793,0.66],[26000,0.822,0.695],[26500,0.804,0.67],[27000,0.806,0.677],[27500,0.836,0.721],[28000,0.842,0.714],[28500,0.799,0.677],[29000,0.825,0.699],[29500,0.843,0.734],[30000,0.82,0.697],[30500,0.839,0.734],[31000,0.84,0.734],[31500,0.821,0.698],[32000,0.829,0.729],[32500,0.801,0.673],[33000,0.83,0.701],[33500,0.804,0.682],[34000,0.822,0.701],[34500,0.841,0.709],[35000,0.803,0.676],[35500,0.803,0.645]
@@PM stack_random_s0_60000 1 ,[36000,0.837,0.718],[36500,0.832,0.708],[37000,0.833,0.71],[37500,0.843,0.708],[38000,0.844,0.731],[38500,0.836,0.717],[39000,0.817,0.684],[39500,0.843,0.736],[40000,0.839,0.726],[40500,0.846,0.72],[41000,0.83,0.7],[41500,0.85,0.741],[42000,0.835,0.722],[42500,0.824,0.698],[43000,0.825,0.704],[43500,0.854,0.743],[44000,0.841,0.723],[44500,0.839,0.724],[45000,0.83,0.717],[45500,0.831,0.701],[46000,0.824,0.692],[46500,0.833,0.734],[47000,0.834,0.722],[47500,0.805,0.692],[48000,0.847,0.737],[48500,0.821,0.695],[49000,0.835,0.706],[49500,0.833,0.72],[50000,0.851,0.739],[50500,0.851,0.719],[51000,0.832,0.709],[51500,0.828,0.727],[52000,0.825,0.686],[52500,0.83,0.7],[53000,0.843,0.701],[53500,0.831,0.687],[54000,0.852,0.74],[54500,0.84,0.706],[55000,0.845,0.705],[55500,0.832,0.718],[56000,0.849,0.712],[56500,0.836,0.725],[57000,0.841,0.704],[57500,0.862,0.746],[58000,0.864,0.739],[58500,0.843,0.72],[59000,0.85,0.715],[59500,0.835,0.708],[60000,0.841,0.7]]
@@LOG stack_random_s0_60000 0 [[500,2.6516,2.9024],[1000,2.2599,2.4573],[1500,2.0847,2.2624],[2000,1.9261,2.1521],[2500,1.9083,2.0709],[3000,1.8028,2.0158],[3500,1.9029,1.9747],[4000,1.8574,1.9297],[4500,1.8009,1.9063],[5000,1.7328,1.8792],[5500,1.8035,1.8483],[6000,1.7319,1.8404],[6500,1.6512,1.8313],[7000,1.8436,1.8147],[7500,1.8403,1.8029],[8000,1.5542,1.7882],[8500,1.5631,1.779],[9000,1.7421,1.7647],[9500,1.4539,1.7518],[10000,1.5544,1.7363],[10500,1.7593,1.73],[11000,1.5333,1.7318],[11500,1.5637,1.7201],[12000,1.6755,1.7209],[12500,1.6634,1.7137],[13000,1.7608,1.7123],[13500,1.4841,1.7007],[14000,1.5661,1.693],[14500,1.6682,1.6872],[15000,1.5394,1.6874],[15500,1.7027,1.6752],[16000,1.6713,1.6803],[16500,1.6337,1.6655],[17000,1.5637,1.6603],[17500,1.5876,1.6602],[18000,1.6018,1.6494],[18500,1.5501,1.6552],[19000,1.5537,1.6603],[19500,1.6849,1.6501],[20000,1.6274,1.637],[20500,1.6572,1.6454],[21000,1.5601,1.654],[21500,1.5882,1.6441],[22000,1.4932,1.6416],[22500,1.5249,1.6446],[23000,1.5025,1.6359],[23500,1.4665,1.6359],[24000,1.5359,1.6344],[24500,1.5182,1.6421],[25000,1.5367,1.629],[25500,1.5119,1.6227],[26000,1.396,1.6213],[26500,1.4547,1.6124],[27000,1.486,1.6129],[27500,1.5406,1.616],[28000,1.4143,1.6109],[28500,1.5771,1.6118],[29000,1.4957,1.6093],[29500,1.6107,1.602],[30000,1.5698,1.6029],[30500,1.4486,1.6005],[31000,1.5389,1.5942],[31500,1.5802,1.5994],[32000,1.5046,1.5884],[32500,1.5798,1.5882],
@@LOG stack_random_s0_60000 1 [33000,1.5053,1.5864],[33500,1.5277,1.5954],[34000,1.5,1.5949],[34500,1.4922,1.5893],[35000,1.478,1.59],[35500,1.5757,1.5956],[36000,1.5201,1.577],[36500,1.5449,1.5886],[37000,1.5263,1.5843],[37500,1.482,1.5829],[38000,1.5076,1.5865],[38500,1.4534,1.5767],[39000,1.5247,1.5777],[39500,1.4114,1.5844],[40000,1.5187,1.5747],[40500,1.3915,1.5763],[41000,1.3147,1.5686],[41500,1.5075,1.5625],[42000,1.4069,1.5659],[42500,1.3673,1.571],[43000,1.5276,1.5711],[43500,1.4217,1.5644],[44000,1.293,1.5724],[44500,1.4425,1.5631],[45000,1.4392,1.5659],[45500,1.319,1.5704],[46000,1.3081,1.5626],[46500,1.49,1.5665],[47000,1.564,1.5622],[47500,1.5116,1.5657],[48000,1.4475,1.5603],[48500,1.6281,1.5623],[49000,1.3814,1.5626],[49500,1.4527,1.5591],[50000,1.4811,1.5676],[50500,1.4151,1.5706],[51000,1.4234,1.5621],[51500,1.5223,1.5605],[52000,1.3111,1.5593],[52500,1.4326,1.5542],[53000,1.5164,1.5559],[53500,1.4142,1.5535],[54000,1.4973,1.5529],[54500,1.4377,1.5571],[55000,1.4719,1.5522],[55500,1.4051,1.5526],[56000,1.7231,1.5487],[56500,1.4522,1.5487],[57000,1.5475,1.5596],[57500,1.3478,1.5534],[58000,1.3806,1.5518],[58500,1.3996,1.5512],[59000,1.3598,1.5623],[59500,1.3196,1.5502],[60000,1.6344,1.5509]]
